pair_segment_circle_30 0 1.73958302 0 -4.99999905 0 0
pair_segment_circle_60 0 0.499358147 0 0 0 0
pair_segment_circle_240 0 0.499929607 0 0 0 0
pair_capsule_capsule_30 0 1.73958302 0 -4.99999905 0 0
pair_capsule_capsule_60 3.40719282e-07 0.749917507 -1.11726456e-06 -2.64252094e-07 -1.07903907e-06 4.46978765e-06
pair_capsule_capsule_240 8.14554326e-08 0.74991709 -2.88566504e-08 -9.49949026e-08 -4.18135606e-08 1.15445751e-07
pair_segment_capsule_30 0 1.73958302 0 -4.99999905 0 0
pair_segment_capsule_60 -8.84068868e-05 0.248544499 0.00118416396 0.00175730325 0.000727598206 -0.00475876592
pair_segment_capsule_240 9.31501272e-05 0.249917001 9.98194416e-09 3.16649675e-08 9.20708487e-09 -4.00698426e-08
floor_circle 0 0.499929607 0 0 0 0
floor_capsule -9.31365867e-05 0.249916986 3.2000802e-09 -9.31322575e-09 -6.15882954e-08 -1.29019044e-08
floor_segment -0.000205366421 -0.000140723772 0 0 -1.98225603e-10 0
floor_polygon -3.61983984e-06 0.599928081 -2.2353106e-09 5.58796387e-09 -1.40696045e-07 3.72527253e-09
chain_circle 0 0.499929607 0 0 0 0
chain_capsule -9.31485556e-05 0.249917001 -9.57582991e-09 3.16649675e-08 -1.39507401e-08 3.81612608e-08
chain_polygon -3.68621249e-06 0.599928081 -5.05336128e-09 1.80579605e-08 -2.98280405e-08 8.42223891e-09
chain_transition -0.763884068 0.749959171 -3.57354164 0 -1.42790634e-06 -2.10926351e-06
conveyor_from_rest 0.279898196 0.349897325 0.283363312 -0.00594375096 1.59937644 1.61919963
conveyor_rolls_fast_circle 1.42010105 0.349897355 1.41663706 -0.00594329135 -1.59937704 -1.61920035
example_capsule_impact 0.245000005 0.249920696 4.65661287e-09 -1.49011541e-08 -1.29967859e-08 -1.86264373e-08
example_polygon_settle 5.12569666 0.549933314 -5.58793545e-09 1.59322155e-08 3.14159274 1.08360396e-08
example_segment_settle 3.34845185 -0.000140723758 0 0 -1.4816541e-10 0
