filter_0_0 0 0 0 0 0 0 0.988000035 -2 0
filter_0_1 0 0 0 0 0 0 0.986000061 -2 0
filter_0_2 0 0 0 0 0 0 0.984000087 -2 0
filter_0_3 0 0 0 0 0 0 3 0 0
filter_0_4 0 0 0 0 0 0 0.988000035 -2 0
filter_0_5 0 0 0 0 0 0 0.988000035 0 0
filter_0_6 0 0 0 0 0 0 3 0 0
filter_0_7 2 3 0 0 2 3 0.990237474 0 2.32830644e-09
filter_1_0 2 3 0 0 2 3 0.990237474 0 2.32830644e-09
filter_1_1 0 0 0 0 2 3 0.990469158 1.42026693e-08 0
filter_1_2 0 0 0 0 2 3 0.990695179 1.74622983e-08 0
filter_1_3 0 0 2 3 0 0 3 0 0
filter_1_4 0 0 0 0 0 0 0.988000035 -2 0
filter_1_5 0 0 0 0 0 0 0.988000035 0 0
filter_1_6 0 0 0 0 0 0 3 0 0
filter_1_7 2 3 0 0 2 3 0.990237474 0 2.32830644e-09
filter_2_0 2 3 0 0 2 3 0.990237474 0 2.32830644e-09
filter_2_1 0 0 2 3 0 0 0.9882375 -2 0
filter_2_2 2 3 0 0 2 3 0.988518059 0 0
filter_2_3 0 0 2 3 0 0 3 0 0
filter_2_4 0 0 0 0 0 0 0.988000035 -2 0
filter_2_5 0 0 0 0 0 0 0.988000035 0 0
filter_2_6 0 0 0 0 0 0 3 0 0
filter_2_7 2 3 0 0 2 3 0.990237474 0 2.32830644e-09
