distance 2 1 0 3 0 1 0
manifold 1 0 1 0 0.375 -0.25
segment_circle 1 0 1 0 -0.049999997 -0.099999994
capsule_capsule 2 -0 1 -0.75 0.425000012 -0.149999976 0.75 0.425000012 -0.149999976
segment_capsule 2 -0 1 -0.5 -0.0499999821 -0.099999994 0.5 -0.0499999821 -0.099999994
tilted_segment 2 -0 1.00000012 -0.549744189 -0.00838650763 -0.0167730413 0.549744248 0.00838652067 0.016773019
tilted_polygon 2 0 1 -0.479054093 -0.0124307275 -0.0248614326 0.519657135 0.0129461884 0.0258923993
tilted_polygon_far 2 0 1 -0.456996679 -0.0242509842 -0.0485020056 0.537879229 0.0263006091 0.0526012406
clipped_tilted_polygon 2 0 1 1.32094598 -0.0124307275 -0.0248614326 2 0.0048238039 0.00964763016
ray 1 0.333333343 -1 0 -1 0
chain_front 1 0.5 0 -1
chain_back 0
shape_cast 1 0.250833333 -1 0 -0.99999994 0
hull 4 8
degenerate_hull 0
